1610612737	0
1610612738	1
1610612739	2
1610612740	3
1610612741	4
1610612742	5
1610612743	6
1610612744	7
1610612745	8
1610612746	9
1610612747	10
1610612748	11
1610612749	12
1610612750	13
1610612751	14
1610612752	15
1610612753	16
1610612754	17
1610612755	18
1610612756	19
1610612757	20
1610612758	21
1610612759	22
1610612760	23
1610612761	24
1610612762	25
1610612763	26
1610612764	27
1610612765	28
1610612766	29
15	0
42	1
43	2
56	3
57	4
63	5
72	6
77	7
84	8
87	9
89	10
93	11
103	12
109	13
120	14
123	15
124	16
133	17
136	18
145	19
147	20
168	21
178	22
185	23
208	24
213	25
221	26
224	27
238	28
239	29
243	30
244	31
248	32
252	33
255	34
258	35
270	36
275	37
278	38
281	39
283	40
292	41
296	42
297	43
299	44
324	45
339	46
340	47
344	48
348	49
349	50
353	51
358	52
361	53
363	54
369	55
383	56
384	57
389	58
393	59
397	60
399	61
406	62
422	63
436	64
441	65
445	66
446	67
448	68
452	69
458	70
461	71
467	72
468	73
469	74
673	75
677	76
680	77
682	78
685	79
686	80
688	81
689	82
692	83
693	84
696	85
697	86
699	87
702	88
703	89
708	90
711	91
713	92
714	93
718	94
722	95
724	96
727	97
731	98
739	99
754	100
757	101
762	102
763	103
779	104
788	105
813	106
891	107
902	108
905	109
911	110
915	111
916	112
922	113
923	114
924	115
932	116
934	117
935	118
937	119
947	120
948	121
949	122
950	123
951	124
952	125
953	126
954	127
955	128
956	129
958	130
959	131
960	132
961	133
962	134
965	135
966	136
969	137
970	138
974	139
976	140
977	141
978	142
979	143
980	144
983	145
987	146
988	147
990	148
998	149
1000	150
1032	151
1038	152
1043	153
1049	154
1052	155
1065	156
1088	157
1110	158
1112	159
1165	160
1185	161
1297	162
1425	163
1442	164
1444	165
1477	166
1495	167
1496	168
1497	169
1498	170
1499	171
1500	172
1501	173
1502	174
1503	175
1504	176
1505	177
1506	178
1507	179
1508	180
1509	181
1510	182
1513	183
1514	184
1515	185
1517	186
1519	187
1520	188
1521	189
1531	190
1533	191
1536	192
1541	193
1542	194
1544	195
1548	196
1559	197
1563	198
1565	199
1585	200
1594	201
1601	202
1607	203
1630	204
1636	205
1654	206
1709	207
1710	208
1711	209
1712	210
1713	211
1714	212
1715	213
1716	214
1717	215
1718	216
1719	217
1720	218
1721	219
1723	220
1724	221
1725	222
1727	223
1729	224
1730	225
1731	226
1732	227
1733	228
1735	229
1737	230
1738	231
1739	232
1740	233
1741	234
1742	235
1743	236
1744	237
1747	238
1749	239
1751	240
1752	241
1760	242
1761	243
1762	244
1763	245
1765	246
1766	247
1800	248
1802	249
1844	250
1853	251
1863	252
1882	253
1883	254
1884	255
1885	256
1886	257
1887	258
1888	259
1889	260
1890	261
1891	262
1892	263
1893	264
1894	265
1897	266
1899	267
1900	268
1901	269
1902	270
1903	271
1904	272
1905	273
1908	274
1909	275
1910	276
1913	277
1916	278
1917	279
1918	280
1919	281
1921	282
1922	283
1924	284
1929	285
1934	286
1938	287
1944	288
1952	289
1954	290
1956	291
1960	292
1967	293
1969	294
1983	295
1985	296
2030	297
2031	298
2032	299
2033	300
2034	301
2035	302
2036	303
2037	304
2038	305
2039	306
2040	307
2041	308
2042	309
2043	310
2044	311
2045	312
2046	313
2047	314
2048	315
2049	316
2050	317
2051	318
2052	319
2054	320
2055	321
2056	322
2058	323
2059	324
2060	325
2061	326
2062	327
2063	328
2067	329
2068	330
2072	331
2073	332
2074	333
2077	334
2078	335
2079	336
2081	337
2091	338
2098	339
2109	340
2111	341
2124	342
2135	343
2136	344
2137	345
2144	346
2148	347
2198	348
2199	349
2200	350
2201	351
2202	352
2203	353
2204	354
2205	355
2206	356
2207	357
2208	358
2209	359
2210	360
2211	361
2212	362
2214	363
2215	364
2216	365
2217	366
2220	367
2221	368
2222	369
2223	370
2224	371
2225	372
2226	373
2228	374
2229	375
2230	376
2239	377
2240	378
2241	379
2242	380
2243	381
2244	382
2245	383
2246	384
2248	385
2249	386
2250	387
2251	388
2253	389
2254	390
2256	391
2257	392
2260	393
2271	394
2294	395
2306	396
2321	397
2343	398
2347	399
2357	400
2365	401
2366	402
2367	403
2370	404
2386	405
2397	406
2398	407
2399	408
2400	409
2401	410
2402	411
2403	412
2404	413
2405	414
2406	415
2407	416
2408	417
2409	418
2410	419
2411	420
2412	421
2413	422
2414	423
2415	424
2416	425
2417	426
2418	427
2419	428
2420	429
2421	430
2422	431
2423	432
2424	433
2425	434
2427	435
2429	436
2430	437
2431	438
2434	439
2435	440
2436	441
2437	442
2438	443
2439	444
2440	445
2441	446
2443	447
2446	448
2447	449
2449	450
2450	451
2451	452
2452	453
2454	454
2456	455
2457	456
2466	457
2469	458
2470	459
2484	460
2486	461
2499	462
2501	463
2508	464
2544	465
2545	466
2546	467
2547	468
2548	469
2549	470
2550	471
2551	472
2552	473
2553	474
2554	475
2555	476
2556	477
2557	478
2558	479
2559	480
2560	481
2561	482
2562	483
2563	484
2564	485
2565	486
2566	487
2567	488
2568	489
2569	490
2570	491
2571	492
2572	493
2573	494
2574	495
2575	496
2580	497
2581	498
2582	499
2583	500
2584	501
2585	502
2586	503
2587	504
2588	505
2590	506
2591	507
2592	508
2594	509
2596	510
2598	511
2599	512
2601	513
2602	514
2604	515
2605	516
2606	517
2617	518
2618	519
2624	520
2629	521
2632	522
2636	523
2637	524
2639	525
2644	526
2646	527
2648	528
2650	529
2651	530
2652	531
2657	532
2660	533
2667	534
2668	535
2669	536
2672	537
2673	538
2674	539
2677	540
2679	541
2682	542
2683	543
2684	544
2688	545
2693	546
2694	547
2696	548
2697	549
2724	550
2730	551
2731	552
2732	553
2733	554
2734	555
2735	556
2736	557
2737	558
2738	559
2739	560
2740	561
2741	562
2742	563
2743	564
2744	565
2745	566
2746	567
2747	568
2748	569
2749	570
2750	571
2751	572
2752	573
2753	574
2754	575
2755	576
2756	577
2757	578
2758	579
2760	580
2761	581
2762	582
2763	583
2764	584
2765	585
2766	586
2767	587
2768	588
2770	589
2772	590
2773	591
2774	592
2775	593
2776	594
2777	595
2779	596
2781	597
2782	598
2784	599
2786	600
2787	601
2788	602
2798	603
2800	604
2802	605
2804	606
2808	607
2809	608
2810	609
2822	610
2823	611
2824	612
2825	613
2826	614
2827	615
2832	616
2833	617
2835	618
2839	619
2841	620
2845	621
2847	622
2849	623
2850	624
2852	625
2853	626
2854	627
2855	628
2857	629
2859	630
2863	631
2865	632
2866	633
2867	634
2873	635
2876	636
2891	637
100686	638
100729	639
101106	640
101107	641
101108	642
101109	643
101110	644
101111	645
101112	646
101113	647
101114	648
101115	649
101117	650
101118	651
101119	652
101120	653
101121	654
101122	655
101123	656
101124	657
101125	658
101126	659
101127	660
101128	661
101129	662
101130	663
101131	664
101132	665
101133	666
101134	667
101135	668
101136	669
101137	670
101138	671
101139	672
101141	673
101142	674
101143	675
101144	676
101145	677
101146	678
101147	679
101148	680
101149	681
101150	682
101152	683
101153	684
101154	685
101155	686
101156	687
101158	688
101159	689
101160	690
101161	691
101162	692
101165	693
101166	694
101177	695
101178	696
101179	697
101180	698
101181	699
101182	700
101183	701
101184	702
101185	703
101186	704
101187	705
101188	706
101189	707
101190	708
101194	709
101195	710
101198	711
101204	712
101207	713
101208	714
101209	715
101211	716
101212	717
101213	718
101214	719
101215	720
101216	721
101217	722
101219	723
101223	724
101224	725
101225	726
101226	727
101227	728
101228	729
101230	730
101232	731
101235	732
101236	733
101238	734
101239	735
101240	736
101242	737
101243	738
101245	739
101247	740
101249	741
101250	742
101251	743
101252	744
101253	745
101254	746
101255	747
101256	748
101257	749
101258	750
101259	751
101260	752
101261	753
101262	754
162777	755
200081	756
200390	757
200510	758
200517	759
200555	760
200557	761
200575	762
200583	763
200745	764
200746	765
200747	766
200748	767
200749	768
200750	769
200751	770
200752	771
200753	772
200754	773
200755	774
200756	775
200757	776
200758	777
200759	778
200760	779
200761	780
200762	781
200763	782
200764	783
200765	784
200766	785
200767	786
200768	787
200769	788
200770	789
200771	790
200772	791
200776	792
200777	793
200778	794
200779	795
200780	796
200781	797
200782	798
200783	799
200784	800
200785	801
200786	802
200787	803
200788	804
200789	805
200790	806
200792	807
200793	808
200794	809
200796	810
200797	811
200798	812
200799	813
200801	814
200805	815
200806	816
200807	817
200809	818
200810	819
200811	820
200812	821
200813	822
200814	823
200815	824
200816	825
200817	826
200818	827
200819	828
200821	829
200822	830
200823	831
200825	832
200826	833
200827	834
200828	835
200829	836
200830	837
200835	838
200836	839
200837	840
200838	841
200839	842
200840	843
200841	844
200842	845
200843	846
200844	847
200845	848
200846	849
200847	850
200848	851
200849	852
200852	853
200853	854
200856	855
200857	856
200858	857
200859	858
200862	859
200863	860
200894	861
200918	862
200951	863
200962	864
200970	865
200971	866
200978	867
200984	868
201001	869
201005	870
201015	871
201019	872
201041	873
201043	874
201141	875
201142	876
201143	877
201144	878
201145	879
201146	880
201147	881
201148	882
201149	883
201150	884
201151	885
201152	886
201153	887
201154	888
201155	889
201156	890
201157	891
201158	892
201159	893
201160	894
201161	895
201162	896
201163	897
201164	898
201165	899
201166	900
201167	901
201168	902
201169	903
201171	904
201172	905
201173	906
201174	907
201175	908
201176	909
201177	910
201178	911
201180	912
201181	913
201182	914
201183	915
201184	916
201185	917
201186	918
201187	919
201188	920
201189	921
201191	922
201192	923
201193	924
201195	925
201196	926
201197	927
201199	928
201201	929
201202	930
201203	931
201204	932
201207	933
201208	934
201213	935
201225	936
201226	937
201227	938
201228	939
201229	940
201230	941
201231	942
201232	943
201234	944
201235	945
201236	946
201237	947
201238	948
201239	949
201240	950
201242	951
201243	952
201248	953
201249	954
201251	955
201252	956
201266	957
201274	958
201281	959
201286	960
201291	961
201336	962
201342	963
201351	964
201446	965
201563	966
201564	967
201565	968
201566	969
201567	970
201568	971
201569	972
201570	973
201571	974
201572	975
201573	976
201574	977
201575	978
201576	979
201577	980
201578	981
201579	982
201580	983
201581	984
201582	985
201583	986
201584	987
201585	988
201586	989
201587	990
201588	991
201589	992
201590	993
201591	994
201592	995
201593	996
201594	997
201595	998
201596	999
201599	1000
201600	1001
201601	1002
201602	1003
201603	1004
201604	1005
201605	1006
201606	1007
201607	1008
201609	1009
201610	1010
201611	1011
201612	1012
201613	1013
201616	1014
201619	1015
201620	1016
201621	1017
201622	1018
201623	1019
201624	1020
201627	1021
201628	1022
201629	1023
201630	1024
201631	1025
201632	1026
201633	1027
201634	1028
201635	1029
201636	1030
201641	1031
201642	1032
201643	1033
201644	1034
201645	1035
201646	1036
201647	1037
201648	1038
201649	1039
201650	1040
201651	1041
201652	1042
201653	1043
201654	1044
201657	1045
201776	1046
201781	1047
201785	1048
201792	1049
201802	1050
201805	1051
201814	1052
201820	1053
201821	1054
201831	1055
201834	1056
201848	1057
201858	1058
201880	1059
201933	1060
201934	1061
201935	1062
201936	1063
201937	1064
201938	1065
201939	1066
201941	1067
201942	1068
201943	1069
201944	1070
201945	1071
201946	1072
201947	1073
201948	1074
201949	1075
201950	1076
201951	1077
201952	1078
201953	1079
201954	1080
201956	1081
201957	1082
201958	1083
201959	1084
201960	1085
201961	1086
201962	1087
201963	1088
201964	1089
201965	1090
201966	1091
201967	1092
201969	1093
201970	1094
201971	1095
201972	1096
201973	1097
201974	1098
201975	1099
201976	1100
201977	1101
201978	1102
201979	1103
201980	1104
201981	1105
201983	1106
201985	1107
201986	1108
201988	1109
201991	1110
201993	1111
201998	1112
201999	1113
202065	1114
202066	1115
202067	1116
202068	1117
202069	1118
202070	1119
202071	1120
202074	1121
202075	1122
202076	1123
202077	1124
202078	1125
202079	1126
202081	1127
202082	1128
202083	1129
202087	1130
202091	1131
202130	1132
202132	1133
202148	1134
202175	1135
202178	1136
202197	1137
202213	1138
202217	1139
202220	1140
202221	1141
202227	1142
202238	1143
202322	1144
202323	1145
202324	1146
202325	1147
202326	1148
202327	1149
202328	1150
202329	1151
202330	1152
202331	1153
202332	1154
202333	1155
202334	1156
202335	1157
202336	1158
202337	1159
202338	1160
202339	1161
202340	1162
202341	1163
202342	1164
202343	1165
202344	1166
202345	1167
202346	1168
202347	1169
202348	1170
202349	1171
202350	1172
202351	1173
202353	1174
202354	1175
202355	1176
202356	1177
202357	1178
202358	1179
202359	1180
202360	1181
202361	1182
202362	1183
202363	1184
202365	1185
202366	1186
202371	1187
202374	1188
202375	1189
202376	1190
202377	1191
202378	1192
202379	1193
202380	1194
202382	1195
202383	1196
202385	1197
202386	1198
202388	1199
202389	1200
202390	1201
202391	1202
202392	1203
202393	1204
202394	1205
202395	1206
202396	1207
202397	1208
202399	1209
202400	1210
202402	1211
202404	1212
202406	1213
202407	1214
202408	1215
202409	1216
202410	1217
202411	1218
202412	1219
202416	1220
202417	1221
202418	1222
202419	1223
202420	1224
202421	1225
202423	1226
202446	1227
202458	1228
202464	1229
202498	1230
202513	1231
202518	1232
202536	1233
202545	1234
202550	1235
202586	1236
202620	1237
202622	1238
202681	1239
202682	1240
202683	1241
202684	1242
202685	1243
202686	1244
202687	1245
202688	1246
202689	1247
202690	1248
202691	1249
202692	1250
202693	1251
202694	1252
202695	1253
202696	1254
202697	1255
202698	1256
202699	1257
202700	1258
202701	1259
202702	1260
202703	1261
202704	1262
202705	1263
202706	1264
202707	1265
202708	1266
202709	1267
202710	1268
202711	1269
202712	1270
202713	1271
202714	1272
202715	1273
202716	1274
202717	1275
202718	1276
202719	1277
202720	1278
202721	1279
202722	1280
202723	1281
202724	1282
202725	1283
202726	1284
202727	1285
202728	1286
202729	1287
202730	1288
202731	1289
202732	1290
202734	1291
202738	1292
202770	1293
202775	1294
202779	1295
202792	1296
202797	1297
202808	1298
202809	1299
202810	1300
202814	1301
202815	1302
202820	1303
202841	1304
202862	1305
202872	1306
202874	1307
202880	1308
202904	1309
202912	1310
202918	1311
202933	1312
202935	1313
202951	1314
202952	1315
202954	1316
202956	1317
202957	1318
202959	1319
202961	1320
202962	1321
202963	1322
202970	1323
203006	1324
203076	1325
203077	1326
203078	1327
203079	1328
203080	1329
203081	1330
203082	1331
203083	1332
203084	1333
203085	1334
203086	1335
203087	1336
203088	1337
203089	1338
203090	1339
203091	1340
203092	1341
203093	1342
203094	1343
203095	1344
203096	1345
203097	1346
203098	1347
203099	1348
203100	1349
203101	1350
203102	1351
203103	1352
203104	1353
203105	1354
203106	1355
203107	1356
203108	1357
203109	1358
203110	1359
203111	1360
203112	1361
203113	1362
203114	1363
203115	1364
203116	1365
203117	1366
203118	1367
203119	1368
203120	1369
203121	1370
203122	1371
203123	1372
203124	1373
203126	1374
203128	1375
203129	1376
203130	1377
203133	1378
203135	1379
203136	1380
203138	1381
203139	1382
203141	1383
203142	1384
203143	1385
203144	1386
203145	1387
203146	1388
203147	1389
203148	1390
203149	1391
203153	1392
203154	1393
203155	1394
203156	1395
203157	1396
203158	1397
203159	1398
203160	1399
203162	1400
203163	1401
203164	1402
203174	1403
203176	1404
203178	1405
203180	1406
203183	1407
203185	1408
203186	1409
203187	1410
203190	1411
203191	1412
203192	1413
203193	1414
203195	1415
203196	1416
203197	1417
203198	1418
203199	1419
203200	1420
203201	1421
203203	1422
203204	1423
203206	1424
203210	1425
203262	1426
203263	1427
203268	1428
203315	1429
203317	1430
203318	1431
203327	1432
203382	1433
203457	1434
203458	1435
203459	1436
203460	1437
203461	1438
203462	1439
203463	1440
203464	1441
203466	1442
203467	1443
203468	1444
203469	1445
203471	1446
203472	1447
203473	1448
203474	1449
203475	1450
203476	1451
203477	1452
203479	1453
203480	1454
203481	1455
203482	1456
203483	1457
203484	1458
203485	1459
203486	1460
203487	1461
203488	1462
203489	1463
203490	1464
203491	1465
203492	1466
203493	1467
203494	1468
203495	1469
203496	1470
203497	1471
203498	1472
203499	1473
203500	1474
203501	1475
203502	1476
203503	1477
203504	1478
203505	1479
203506	1480
203507	1481
203508	1482
203509	1483
203510	1484
203511	1485
203512	1486
203513	1487
203515	1488
203516	1489
203517	1490
203518	1491
203519	1492
203520	1493
203521	1494
203524	1495
203526	1496
203527	1497
203528	1498
203529	1499
203530	1500
203539	1501
203540	1502
203543	1503
203544	1504
203545	1505
203546	1506
203547	1507
203548	1508
203551	1509
203552	1510
203556	1511
203558	1512
203560	1513
203561	1514
203564	1515
203565	1516
203566	1517
203568	1518
203569	1519
203576	1520
203577	1521
203579	1522
203580	1523
203583	1524
203584	1525
203585	1526
203586	1527
203587	1528
203588	1529
203589	1530
203590	1531
203613	1532
203629	1533
203648	1534
203658	1535
203687	1536
203705	1537
203710	1538
203798	1539
203805	1540
203810	1541
203816	1542
203893	1543
203894	1544
203895	1545
203897	1546
203898	1547
203900	1548
203901	1549
203902	1550
203903	1551
203905	1552
203906	1553
203907	1554
203909	1555
203910	1556
203912	1557
203913	1558
203914	1559
203915	1560
203917	1561
203918	1562
203919	1563
203920	1564
203921	1565
203922	1566
203923	1567
203924	1568
203925	1569
203926	1570
203927	1571
203928	1572
203929	1573
203930	1574
203932	1575
203933	1576
203934	1577
203935	1578
203937	1579
203939	1580
203940	1581
203942	1582
203943	1583
203944	1584
203945	1585
203946	1586
203947	1587
203948	1588
203949	1589
203950	1590
203951	1591
203952	1592
203953	1593
203954	1594
203955	1595
203956	1596
203957	1597
203958	1598
203959	1599
203960	1600
203961	1601
203962	1602
203963	1603
203964	1604
203965	1605
203966	1606
203967	1607
203968	1608
203990	1609
203991	1610
203992	1611
203994	1612
203996	1613
203998	1614
203999	1615
204001	1616
204002	1617
204014	1618
204020	1619
204021	1620
204022	1621
204024	1622
204025	1623
204026	1624
204027	1625
204028	1626
204029	1627
204030	1628
204033	1629
204034	1630
204037	1631
204038	1632
204039	1633
204040	1634
204041	1635
204044	1636
204053	1637
204054	1638
204060	1639
204061	1640
204062	1641
204063	1642
204064	1643
204065	1644
204066	1645
204067	1646
204071	1647
204075	1648
204076	1649
204077	1650
204078	1651
204079	1652
204080	1653
204098	1654
204136	1655
204179	1656
204189	1657
204192	1658
204215	1659
204222	1660
204289	1661
204310	1662
204456	1663
500032	1664
1626143	1665
1626144	1666
1626145	1667
1626146	1668
1626147	1669
1626148	1670
1626149	1671
1626150	1672
1626151	1673
1626153	1674
1626154	1675
1626155	1676
1626156	1677
1626157	1678
1626158	1679
1626159	1680
1626160	1681
1626161	1682
1626162	1683
1626163	1684
1626164	1685
1626165	1686
1626166	1687
1626167	1688
1626168	1689
1626169	1690
1626170	1691
1626171	1692
1626172	1693
1626173	1694
1626174	1695
1626175	1696
1626176	1697
1626177	1698
1626178	1699
1626179	1700
1626180	1701
1626181	1702
1626182	1703
1626183	1704
1626184	1705
1626185	1706
1626186	1707
1626187	1708
1626188	1709
1626189	1710
1626190	1711
1626191	1712
1626192	1713
1626193	1714
1626195	1715
1626196	1716
1626199	1717
1626201	1718
1626202	1719
1626203	1720
1626204	1721
1626205	1722
1626207	1723
1626208	1724
1626209	1725
1626210	1726
1626213	1727
1626214	1728
1626217	1729
1626218	1730
1626219	1731
1626220	1732
1626224	1733
1626242	1734
1626245	1735
1626246	1736
1626251	1737
1626252	1738
1626253	1739
1626254	1740
1626257	1741
1626258	1742
1626259	1743
1626260	1744
1626261	1745
1626262	1746
1626263	1747
1626266	1748
1626269	1749
1626270	1750
1626271	1751
1626272	1752
1626273	1753
1626275	1754
1626276	1755
1626279	1756
1626280	1757
1626281	1758
1626285	1759
1626288	1760
1626289	1761
1626290	1762
1626293	1763
1626294	1764
1626295	1765
1626296	1766
1626304	1767
1626305	1768
1626643	1769
1626780	1770
1627098	1771
1627215	1772
1627224	1773
1627258	1774
1627292	1775
1627293	1776
1627322	1777
1627362	1778
1627395	1779
1627496	1780
1627732	1781
1627733	1782
1627734	1783
1627735	1784
1627736	1785
1627737	1786
1627738	1787
1627739	1788
1627740	1789
1627741	1790
1627742	1791
1627743	1792
1627744	1793
1627745	1794
1627746	1795
1627747	1796
1627748	1797
1627749	1798
1627750	1799
1627751	1800
1627752	1801
1627753	1802
1627754	1803
1627755	1804
1627756	1805
1627757	1806
1627758	1807
1627759	1808
1627760	1809
1627761	1810
1627762	1811
1627763	1812
1627765	1813
1627766	1814
1627767	1815
1627768	1816
1627770	1817
1627771	1818
1627772	1819
1627773	1820
1627774	1821
1627775	1822
1627776	1823
1627777	1824
1627778	1825
1627779	1826
1627780	1827
1627781	1828
1627782	1829
1627783	1830
1627784	1831
1627785	1832
1627786	1833
1627787	1834
1627788	1835
1627789	1836
1627790	1837
1627791	1838
1627811	1839
1627812	1840
1627814	1841
1627815	1842
1627816	1843
1627817	1844
1627818	1845
1627819	1846
1627820	1847
1627821	1848
1627822	1849
1627823	1850
1627824	1851
1627825	1852
1627826	1853
1627827	1854
1627829	1855
1627832	1856
1627834	1857
1627835	1858
1627836	1859
1627841	1860
1627843	1861
1627846	1862
1627848	1863
1627849	1864
1627850	1865
1627851	1866
1627852	1867
1627853	1868
1627854	1869
1627855	1870
1627856	1871
1627858	1872
1627861	1873
1627862	1874
1627863	1875
1627865	1876
1627866	1877
1627867	1878
1627868	1879
1627873	1880
1627875	1881
1627878	1882
1627879	1883
1627880	1884
1627881	1885
1627882	1886
1627883	1887
1627884	1888
1627885	1889
1627886	1890
1627887	1891
1627888	1892
1627902	1893
1627936	1894
1627938	1895
1627954	1896
1627982	1897
1627988	1898
1628021	1899
1628035	1900
1628041	1901
1628070	1902
1628174	1903
1628176	1904
1628241	1905
1628249	1906
1628365	1907
1628366	1908
1628367	1909
1628368	1910
1628369	1911
1628370	1912
1628371	1913
1628372	1914
1628373	1915
1628374	1916
1628378	1917
1628379	1918
1628380	1919
1628381	1920
1628382	1921
1628383	1922
1628384	1923
1628385	1924
1628386	1925
1628387	1926
1628388	1927
1628389	1928
1628390	1929
1628391	1930
1628392	1931
1628393	1932
1628394	1933
1628395	1934
1628396	1935
1628397	1936
1628398	1937
1628399	1938
1628400	1939
1628401	1940
1628402	1941
1628403	1942
1628404	1943
1628405	1944
1628407	1945
1628408	1946
1628409	1947
1628410	1948
1628411	1949
1628412	1950
1628413	1951
1628414	1952
1628415	1953
1628416	1954
1628417	1955
1628418	1956
1628419	1957
1628420	1958
1628421	1959
1628422	1960
1628424	1961
1628425	1962
1628427	1963
1628429	1964
1628430	1965
1628431	1966
1628432	1967
1628433	1968
1628436	1969
1628437	1970
1628439	1971
1628443	1972
1628444	1973
1628448	1974
1628449	1975
1628450	1976
1628451	1977
1628452	1978
1628453	1979
1628454	1980
1628455	1981
1628456	1982
1628460	1983
1628462	1984
1628463	1985
1628464	1986
1628467	1987
1628469	1988
1628470	1989
1628473	1990
1628475	1991
1628476	1992
1628477	1993
1628491	1994
1628492	1995
1628493	1996
1628494	1997
1628495	1998
1628496	1999
1628499	2000
1628500	2001
1628502	2002
1628503	2003
1628504	2004
1628505	2005
1628506	2006
1628510	2007
1628511	2008
1628512	2009
1628513	2010
1628514	2011
1628515	2012
1628516	2013
1628517	2014
1628518	2015
1628528	2016
1628535	2017
1628537	2018
1628539	2019
1628554	2020
1628571	2021
1628575	2022
1628576	2023
1628577	2024
1628578	2025
1628579	2026
1628605	2027
1628610	2028
1628656	2029
1628677	2030
1628679	2031
1628680	2032
1628681	2033
1628769	2034
1628778	2035
1628935	2036
1628959	2037
1628960	2038
1628961	2039
1628962	2040
1628963	2041
1628964	2042
1628965	2043
1628966	2044
1628967	2045
1628968	2046
1628969	2047
1628970	2048
1628971	2049
1628972	2050
1628973	2051
1628974	2052
1628975	2053
1628976	2054
1628977	2055
1628978	2056
1628979	2057
1628980	2058
1628981	2059
1628982	2060
1628983	2061
1628984	2062
1628985	2063
1628987	2064
1628988	2065
1628989	2066
1628990	2067
1628991	2068
1628993	2069
1628994	2070
1628995	2071
1628996	2072
1628997	2073
1628998	2074
1628999	2075
1629000	2076
1629001	2077
1629002	2078
1629003	2079
1629004	2080
1629005	2081
1629006	2082
1629007	2083
1629008	2084
1629009	2085
1629010	2086
1629011	2087
1629012	2088
1629013	2089
1629014	2090
1629015	2091
1629016	2092
1629017	2093
1629018	2094
1629019	2095
1629020	2096
1629021	2097
1629022	2098
1629023	2099
1629026	2100
1629027	2101
1629028	2102
1629029	2103
1629033	2104
1629034	2105
1629035	2106
1629036	2107
1629037	2108
1629044	2109
1629045	2110
1629048	2111
1629050	2112
1629052	2113
1629053	2114
1629055	2115
1629056	2116
1629057	2117
1629058	2118
1629059	2119
1629060	2120
1629061	2121
1629065	2122
1629066	2123
1629067	2124
1629070	2125
1629071	2126
1629076	2127
1629078	2128
1629083	2129
1629091	2130
1629093	2131
1629094	2132
1629097	2133
1629102	2134
1629103	2135
1629109	2136
1629111	2137
1629116	2138
1629117	2139
1629118	2140
1629121	2141
1629122	2142
1629123	2143
1629126	2144
1629129	2145
1629130	2146
1629131	2147
1629132	2148
1629133	2149
1629134	2150
1629136	2151
1629137	2152
1629139	2153
1629140	2154
1629142	2155
1629145	2156
1629146	2157
1629147	2158
1629148	2159
1629149	2160
1629150	2161
1629151	2162
1629152	2163
1629154	2164
1629155	2165
1629156	2166
1629159	2167
1629162	2168
1629163	2169
1629164	2170
1629165	2171
1629166	2172
1629167	2173
1629168	2174
1629184	2175
1629185	2176
1629186	2177
1629190	2178
1629203	2179
1629216	2180
1629226	2181
1629232	2182
1629234	2183
1629236	2184
1629244	2185
1629245	2186
1629246	2187
1629260	2188
1629270	2189
1629285	2190
1629305	2191
1629308	2192
1629312	2193
1629346	2194
1629352	2195
1629353	2196
1629541	2197
1629594	2198
1629595	2199
1629596	2200
1629597	2201
1629598	2202
1629599	2203
1629602	2204
1629603	2205
1629604	2206
1629605	2207
1629606	2208
1629607	2209
1629608	2210
1629609	2211
1629610	2212
1629611	2213
1629612	2214
1629615	2215
1629616	2216
1629617	2217
1629619	2218
1629620	2219
1629621	2220
1629622	2221
1629623	2222
1629624	2223
1629625	2224
1629626	2225
1629627	2226
1629628	2227
1629629	2228
1629630	2229
1629631	2230
1629632	2231
1629633	2232
1629634	2233
1629635	2234
1629636	2235
1629637	2236
1629638	2237
1629639	2238
1629640	2239
1629641	2240
1629642	2241
1629643	2242
1629644	2243
1629645	2244
1629646	2245
1629647	2246
1629648	2247
1629649	2248
1629650	2249
1629651	2250
1629652	2251
1629653	2252
1629655	2253
1629656	2254
1629657	2255
1629658	2256
1629659	2257
1629660	2258
1629661	2259
1629662	2260
1629663	2261
1629664	2262
1629665	2263
1629666	2264
1629667	2265
1629668	2266
1629669	2267
1629670	2268
1629671	2269
1629672	2270
1629673	2271
1629674	2272
1629675	2273
1629676	2274
1629677	2275
1629678	2276
1629679	2277
1629680	2278
1629681	2279
1629682	2280
1629683	2281
1629684	2282
1629685	2283
1629686	2284
1629689	2285
1629690	2286
1629700	2287
1629712	2288
1629713	2289
1629714	2290
1629715	2291
1629716	2292
1629717	2293
1629718	2294
1629719	2295
1629721	2296
1629722	2297
1629723	2298
1629724	2299
1629725	2300
1629726	2301
1629729	2302
1629730	2303
1629731	2304
1629734	2305
1629735	2306
1629738	2307
1629739	2308
1629740	2309
1629741	2310
1629742	2311
1629743	2312
1629744	2313
1629745	2314
1629746	2315
1629747	2316
1629749	2317
1629750	2318
1629751	2319
1629752	2320
1629753	2321
1629755	2322
1629756	2323
1629759	2324
1629760	2325
1629777	2326
1629779	2327
1629783	2328
1629786	2329
1629800	2330
1629806	2331
1629818	2332
1629819	2333
1629824	2334
1629825	2335
1629826	2336
1629833	2337
1629860	2338
1629956	2339
1629958	2340
1629962	2341
1629967	2342
1630162	2343
1630163	2344
1630164	2345
1630165	2346
1630166	2347
1630167	2348
1630168	2349
1630169	2350
1630170	2351
1630171	2352
1630172	2353
1630173	2354
1630174	2355
1630175	2356
1630176	2357
1630177	2358
1630178	2359
1630179	2360
1630180	2361
1630181	2362
1630182	2363
1630183	2364
1630184	2365
1630185	2366
1630186	2367
1630187	2368
1630188	2369
1630189	2370
1630190	2371
1630191	2372
1630192	2373
1630193	2374
1630194	2375
1630195	2376
1630197	2377
1630198	2378
1630199	2379
1630200	2380
1630201	2381
1630202	2382
1630203	2383
1630204	2384
1630205	2385
1630206	2386
1630207	2387
1630208	2388
1630209	2389
1630210	2390
1630211	2391
1630213	2392
1630214	2393
1630215	2394
1630216	2395
1630217	2396
1630218	2397
1630219	2398
1630220	2399
1630221	2400
1630222	2401
1630223	2402
1630224	2403
1630225	2404
1630227	2405
1630228	2406
1630230	2407
1630231	2408
1630232	2409
1630233	2410
1630234	2411
1630235	2412
1630237	2413
1630238	2414
1630240	2415
1630241	2416
1630243	2417
1630245	2418
1630247	2419
1630249	2420
1630250	2421
1630253	2422
1630254	2423
1630255	2424
1630256	2425
1630257	2426
1630258	2427
1630259	2428
1630260	2429
1630261	2430
1630262	2431
1630263	2432
1630264	2433
1630265	2434
1630266	2435
1630267	2436
1630268	2437
1630269	2438
1630270	2439
1630271	2440
1630272	2441
1630273	2442
1630275	2443
1630278	2444
1630286	2445
1630288	2446
1630306	2447
1630346	2448
1630466	2449
1630525	2450
1630526	2451
1630527	2452
1630528	2453
1630529	2454
1630530	2455
1630531	2456
1630532	2457
1630533	2458
1630535	2459
1630536	2460
1630537	2461
1630538	2462
1630539	2463
1630540	2464
1630541	2465
1630543	2466
1630544	2467
1630547	2468
1630549	2469
1630550	2470
1630551	2471
1630552	2472
1630553	2473
1630554	2474
1630555	2475
1630556	2476
1630557	2477
1630558	2478
1630559	2479
1630560	2480
1630561	2481
1630562	2482
1630563	2483
1630565	2484
1630567	2485
1630568	2486
1630569	2487
1630570	2488
1630572	2489
1630573	2490
1630575	2491
1630578	2492
1630579	2493
1630580	2494
1630581	2495
1630582	2496
1630583	2497
1630585	2498
1630586	2499
1630587	2500
1630589	2501
1630591	2502
1630593	2503
1630595	2504
1630596	2505
1630597	2506
1630598	2507
1630602	2508
1630603	2509
1630605	2510
1630606	2511
1630607	2512
1630610	2513
1630612	2514
1630613	2515
1630617	2516
1630618	2517
1630622	2518
1630624	2519
1630625	2520
1630627	2521
1630631	2522
1630637	2523
1630639	2524
1630640	2525
1630642	2526
1630643	2527
1630644	2528
1630645	2529
1630647	2530
1630648	2531
1630651	2532
1630665	2533
1630672	2534
1630675	2535
1630678	2536
1630679	2537
1630686	2538
1630688	2539
1630691	2540
1630692	2541
1630693	2542
1630695	2543
1630696	2544
1630698	2545
1630777	2546
1630787	2547
1630791	2548
1630792	2549
1630793	2550
1630801	2551
1630835	2552
122683568	2553
1962936250	2554
1962936270	2555
1962936483	2556
1962936489	2557
1962936495	2558
1962937755	2559
1962937827	2560
